Solution found by stochastic subgradient descent [[-3.54471770e-01]
 [ 1.34899766e-02]
 [ 2.04668498e-02]
 [-4.99985695e-01]
 [-1.38443911e-02]
 [ 7.97383096e-01]
 [-2.40257614e-02]
 [ 2.13051266e-02]
 [ 9.53892045e-02]
 [ 1.40429071e-01]
 [ 2.96552961e-02]
 [ 3.26828274e-03]
 [-4.97869926e-02]
 [ 1.69555133e-01]
 [ 3.17113821e-03]
 [ 5.22930784e-03]
 [-7.25568626e-02]
 [ 2.39930801e-01]
 [ 3.15966722e-02]
 [-7.75770917e-03]
 [-2.07173628e-02]
 [-2.65030950e-01]
 [ 8.91695329e-01]
 [ 1.16888674e+00]
 [ 6.43318797e-01]
 [-1.51906212e+00]
 [ 2.34074815e+00]
 [-3.85883103e+00]]
Objective function 0.8153273171309792
Solution found by stochastic adagrad [[-2.75973043e-01]
 [-1.86884850e-02]
 [-3.17611213e-03]
 [-4.56265918e-01]
 [-1.12204683e-02]
 [ 7.62507622e-01]
 [ 3.82499363e-02]
 [-1.19536187e-02]
 [ 1.13671131e-01]
 [ 2.13782705e-01]
 [ 2.44373073e-02]
 [ 8.70703149e-03]
 [-5.21024316e-02]
 [ 1.51930449e-01]
 [-4.39690479e-03]
 [ 1.26140364e-02]
 [-5.05250282e-02]
 [ 2.64498594e-01]
 [ 2.86436181e-03]
 [-1.67228362e-02]
 [-4.42501223e-02]
 [-2.54873489e-01]
 [ 8.52157843e-01]
 [ 1.15571355e+00]
 [ 6.37340822e-01]
 [-1.57922159e+00]
 [ 2.94959561e+00]
 [-4.43743588e+00]]
Objective function 0.8154054002609941
Solution found by subgradient descent [[-0.02582542]
 [-0.01474747]
 [-0.00618211]
 [-0.21100792]
 [ 0.00319675]
 [ 0.22824581]
 [-0.00754905]
 [ 0.00146226]
 [ 0.14210423]
 [ 0.12311359]
 [ 0.01842417]
 [-0.005359  ]
 [-0.05565465]
 [ 0.12481449]
 [ 0.00288305]
 [ 0.01901484]
 [ 0.00618816]
 [ 0.19496673]
 [-0.01605185]
 [ 0.0104227 ]
 [ 0.05892398]
 [ 0.05372047]
 [ 0.14753203]
 [ 0.20979349]
 [ 0.08846406]
 [-0.39405411]
 [-0.04870572]
 [-0.1612745 ]]
Objective function 0.9125785012725371
